realized annual vol 2022-01-01..2023-01-01: 64.2%  (hourly sd 0.686%, daily-resampled sd 3.38%); bars 8758; ret -64.2%
realized annual vol 2023-01-01..2024-01-01: 42.5%  (hourly sd 0.454%, daily-resampled sd 2.28%); bars 8759; ret +155.6%
realized annual vol 2024-01-01..2025-01-01: 52.8%  (hourly sd 0.564%, daily-resampled sd 2.77%); bars 8782; ret +121.0%
realized annual vol 2025-01-01..2026-01-01: 44.6%  (hourly sd 0.476%, daily-resampled sd 2.20%); bars 8759; ret -6.3%
realized annual vol 2026-01-01..now: 43.6%  (hourly sd 0.466%, daily-resampled sd 2.44%); bars 6266; ret -7.3%
realized annual vol 2025-09-19..now: 43.8%  (hourly sd 0.468%, daily-resampled sd 2.35%); bars 8762; ret -30.8%

=== fee preset zero: round trip 0.00% ; GBM annual vol 45%, zero drift
 tp_pct  sl_pct  max_hours  p_target  p_stop  p_time  mean_net_ret_pct  mean_hours  trades_per_month_if_always_in  monthly_expectancy_pct_if_always_in
    1.0     1.0        NaN     0.504   0.496   0.000             0.007       5.102                        141.108                                1.035
    1.0     1.0       72.0     0.506   0.494   0.000             0.011       5.162                        139.476                                1.581
    1.0     2.0        NaN     0.660   0.340   0.000            -0.020       9.786                         73.575                               -1.435
    1.0     2.0       72.0     0.669   0.331   0.000             0.007      10.040                         71.713                                0.514
    1.5     1.5        NaN     0.512   0.488   0.000             0.036      11.002                         65.445                                2.389
    1.5     1.5       72.0     0.513   0.487   0.000             0.039      11.062                         65.091                                2.547
    1.5     3.0        NaN     0.660   0.340   0.000            -0.029      21.153                         34.037                               -0.970
    1.5     3.0       72.0     0.657   0.313   0.029             0.020      21.048                         34.208                                0.698
    2.0     2.0        NaN     0.500   0.500   0.000             0.000      18.918                         38.059                                0.000
    2.0     2.0       72.0     0.505   0.483   0.012             0.045      18.783                         38.333                                1.717
    2.0     4.0        NaN     0.659   0.341   0.000            -0.044      37.685                         19.106                               -0.841
    2.0     4.0       72.0     0.607   0.262   0.130             0.024      32.583                         22.097                                0.527
    3.0     3.0        NaN     0.494   0.506   0.000            -0.035      40.673                         17.702                               -0.620
    3.0     3.0       72.0     0.431   0.413   0.156             0.047      36.754                         19.590                                0.921
    3.0     6.0        NaN     0.658   0.342   0.000            -0.079      82.293                          8.749                               -0.696
    3.0     6.0       72.0     0.452   0.127   0.421            -0.025      50.406                         14.284                               -0.352
    5.0     5.0        NaN     0.493   0.506   0.001            -0.067     113.217                          6.359                               -0.425
    5.0     5.0       72.0     0.223   0.200   0.577             0.039      59.598                         12.081                                0.468
    5.0    10.0        NaN     0.644   0.320   0.036            -0.063     224.086                          3.213                               -0.202
    5.0    10.0       72.0     0.223   0.010   0.768            -0.010      65.089                         11.062                               -0.111

=== fee preset coinbase_intro: round trip 1.04% ; GBM annual vol 45%, zero drift
 tp_pct  sl_pct  max_hours  p_target  p_stop  p_time  mean_net_ret_pct  mean_hours  trades_per_month_if_always_in  monthly_expectancy_pct_if_always_in
    1.0     1.0        NaN     0.504   0.496   0.000            -1.033       5.102                        141.108                             -145.718
    1.0     1.0       72.0     0.506   0.494   0.000            -1.029       5.162                        139.476                             -143.474
    1.0     2.0        NaN     0.660   0.340   0.000            -1.060       9.786                         73.575                              -77.953
    1.0     2.0       72.0     0.669   0.331   0.000            -1.033      10.040                         71.713                              -74.067
    1.5     1.5        NaN     0.512   0.488   0.000            -1.004      11.002                         65.445                              -65.674
    1.5     1.5       72.0     0.513   0.487   0.000            -1.001      11.062                         65.091                              -65.148
    1.5     3.0        NaN     0.660   0.340   0.000            -1.069      21.153                         34.037                              -36.369
    1.5     3.0       72.0     0.657   0.313   0.029            -1.020      21.048                         34.208                              -34.878
    2.0     2.0        NaN     0.500   0.500   0.000            -1.040      18.918                         38.059                              -39.581
    2.0     2.0       72.0     0.505   0.483   0.012            -0.995      18.783                         38.333                              -38.150
    2.0     4.0        NaN     0.659   0.341   0.000            -1.084      37.685                         19.106                              -20.711
    2.0     4.0       72.0     0.607   0.262   0.130            -1.016      32.583                         22.097                              -22.455
    3.0     3.0        NaN     0.494   0.506   0.000            -1.075      40.673                         17.702                              -19.030
    3.0     3.0       72.0     0.431   0.413   0.156            -0.993      36.754                         19.590                              -19.453
    3.0     6.0        NaN     0.658   0.342   0.000            -1.120      82.293                          8.749                               -9.795
    3.0     6.0       72.0     0.452   0.127   0.421            -1.065      50.406                         14.284                              -15.208
    5.0     5.0        NaN     0.493   0.506   0.001            -1.107     113.217                          6.359                               -7.039
    5.0     5.0       72.0     0.223   0.200   0.577            -1.001      59.598                         12.081                              -12.097
    5.0    10.0        NaN     0.644   0.320   0.036            -1.103     224.086                          3.213                               -3.543
    5.0    10.0       72.0     0.223   0.010   0.768            -1.050      65.089                         11.062                              -11.615

=== fee preset coinbase_50k: round trip 0.44% ; GBM annual vol 45%, zero drift
 tp_pct  sl_pct  max_hours  p_target  p_stop  p_time  mean_net_ret_pct  mean_hours  trades_per_month_if_always_in  monthly_expectancy_pct_if_always_in
    1.0     1.0        NaN     0.504   0.496   0.000            -0.433       5.102                        141.108                              -61.053
    1.0     1.0       72.0     0.506   0.494   0.000            -0.429       5.162                        139.476                              -59.789
    1.0     2.0        NaN     0.660   0.340   0.000            -0.460       9.786                         73.575                              -33.808
    1.0     2.0       72.0     0.669   0.331   0.000            -0.433      10.040                         71.713                              -31.039
    1.5     1.5        NaN     0.512   0.488   0.000            -0.404      11.002                         65.445                              -26.407
    1.5     1.5       72.0     0.513   0.487   0.000            -0.401      11.062                         65.091                              -26.093
    1.5     3.0        NaN     0.660   0.340   0.000            -0.469      21.153                         34.037                              -15.946
    1.5     3.0       72.0     0.657   0.313   0.029            -0.420      21.048                         34.208                              -14.353
    2.0     2.0        NaN     0.500   0.500   0.000            -0.440      18.918                         38.059                              -16.746
    2.0     2.0       72.0     0.505   0.483   0.012            -0.395      18.783                         38.333                              -15.150
    2.0     4.0        NaN     0.659   0.341   0.000            -0.484      37.685                         19.106                               -9.247
    2.0     4.0       72.0     0.607   0.262   0.130            -0.416      32.583                         22.097                               -9.196
    3.0     3.0        NaN     0.494   0.506   0.000            -0.475      40.673                         17.702                               -8.409
    3.0     3.0       72.0     0.431   0.413   0.156            -0.393      36.754                         19.590                               -7.699
    3.0     6.0        NaN     0.658   0.342   0.000            -0.520      82.293                          8.749                               -4.545
    3.0     6.0       72.0     0.452   0.127   0.421            -0.465      50.406                         14.284                               -6.637
    5.0     5.0        NaN     0.493   0.506   0.001            -0.507     113.217                          6.359                               -3.223
    5.0     5.0       72.0     0.223   0.200   0.577            -0.401      59.598                         12.081                               -4.848
    5.0    10.0        NaN     0.644   0.320   0.036            -0.503     224.086                          3.213                               -1.615
    5.0    10.0       72.0     0.223   0.010   0.768            -0.450      65.089                         11.062                               -4.978

=== fee preset kraken_base: round trip 0.69% ; GBM annual vol 45%, zero drift
 tp_pct  sl_pct  max_hours  p_target  p_stop  p_time  mean_net_ret_pct  mean_hours  trades_per_month_if_always_in  monthly_expectancy_pct_if_always_in
    1.0     1.0        NaN     0.504   0.496   0.000            -0.683       5.102                        141.108                              -96.330
    1.0     1.0       72.0     0.506   0.494   0.000            -0.679       5.162                        139.476                              -94.657
    1.0     2.0        NaN     0.660   0.340   0.000            -0.710       9.786                         73.575                              -52.201
    1.0     2.0       72.0     0.669   0.331   0.000            -0.683      10.040                         71.713                              -48.968
    1.5     1.5        NaN     0.512   0.488   0.000            -0.654      11.002                         65.445                              -42.768
    1.5     1.5       72.0     0.513   0.487   0.000            -0.651      11.062                         65.091                              -42.366
    1.5     3.0        NaN     0.660   0.340   0.000            -0.719      21.153                         34.037                              -24.456
    1.5     3.0       72.0     0.657   0.313   0.029            -0.670      21.048                         34.208                              -22.905
    2.0     2.0        NaN     0.500   0.500   0.000            -0.690      18.918                         38.059                              -26.261
    2.0     2.0       72.0     0.505   0.483   0.012            -0.645      18.783                         38.333                              -24.733
    2.0     4.0        NaN     0.659   0.341   0.000            -0.734      37.685                         19.106                              -14.024
    2.0     4.0       72.0     0.607   0.262   0.130            -0.666      32.583                         22.097                              -14.721
    3.0     3.0        NaN     0.494   0.506   0.000            -0.725      40.673                         17.702                              -12.834
    3.0     3.0       72.0     0.431   0.413   0.156            -0.643      36.754                         19.590                              -12.596
    3.0     6.0        NaN     0.658   0.342   0.000            -0.770      82.293                          8.749                               -6.733
    3.0     6.0       72.0     0.452   0.127   0.421            -0.715      50.406                         14.284                              -10.208
    5.0     5.0        NaN     0.493   0.506   0.001            -0.757     113.217                          6.359                               -4.813
    5.0     5.0       72.0     0.223   0.200   0.577            -0.651      59.598                         12.081                               -7.868
    5.0    10.0        NaN     0.644   0.320   0.036            -0.753     224.086                          3.213                               -2.419
    5.0    10.0       72.0     0.223   0.010   0.768            -0.700      65.089                         11.062                               -7.743

secs 24.4
closed form (driftless): tp=sl -> P(target)=0.5; E[hours]=a*b/sigma_h^2 with sigma_h=0.0048
  tp=sl=1%: E[hours]=4.3;  tp=1% sl=2%: P(target)=0.667, E[hours]=8.7
  tp=sl=1.5%: E[hours]=9.7;  tp=1.5% sl=3.0%: P(target)=0.667, E[hours]=19.5
  tp=sl=2%: E[hours]=17.3;  tp=2% sl=4%: P(target)=0.667, E[hours]=34.6
  tp=sl=3%: E[hours]=38.9;  tp=3% sl=6%: P(target)=0.667, E[hours]=77.9
  tp=sl=5%: E[hours]=108.1;  tp=5% sl=10%: P(target)=0.667, E[hours]=216.3
with +60%/yr drift (2023-2025-like bull):
  tp=sl=1%: P(target)=0.512
  tp=sl=2%: P(target)=0.525
  tp=sl=3%: P(target)=0.537
  tp=sl=5%: P(target)=0.561
